203
4077 15
80141 10864 82847 57190 36514 36959 31984 24347 759 49514 30650 90010 50568 38701 92882
3753 10
87550 65465 37486 39139 5133 73402 95972 40798 82534 28031
2541 18
41831 25662 14967 54239 59039 5197 19302 32094 79040 98796 43459 23352 12444 96147 73929 29965 12038 57554
9827 19
22757 15530 74318 23658 46562 81476 20602 15165 7260 58578 40999 27823 84263 87201 29270 31392 45735 93199 4113
4308 15
57577 48494 33176 56891 29083 97593 27380 71501 45690 57758 71424 90118 27465 77780 17069
6291 14
40227 25589 31284 61369 74083 52924 8733 41526 83867 86420 76614 11669 43146 39249
6473 10
61905 30685 30439 24494 94134 66212 38145 712 21482 51189
232 11
35581 58592 80486 98365 7495 61519 53034 88859 40142 42948 39609
7981 19
17821 57950 18246 74877 39742 51028 46206 46365 21958 75518 30224 84859 86789 33390 65120 2967 74362 43860 40741
8691 20
46058 87419 85175 50247 11153 15480 55714 78715 55052 20152 59290 29434 48126 1012 78477 33992 80049 15371 35565 18437
3747 14
90067 82267 62901 98704 33314 30582 61016 74597 94619 47358 95329 6043 84077 11780
9906 14
77875 80751 45726 51599 484 23455 11028 59724 28601 10290 21823 42280 94805 39590
8180 14
9612 41992 78188 61325 75155 28946 47789 54818 98201 52039 65147 50585 2533 95481
152 15
20883 52014 79562 6495 42955 94552 7397 2597 54813 45217 99881 43075 19748 53098 97066
5302 12
86760 55648 18521 23588 93637 77078 65185 82902 84234 81423 1438 95833
7384 16
22345 88240 81332 31705 95648 72666 82847 87360 13395 24652 62313 32486 56319 12128 68034 56831
1036 16
39091 73575 48263 27438 295 55088 46805 96319 68330 92931 22638 42501 32080 72525 52614 41086
8611 10
42122 52598 43321 45701 1457 43082 56365 90878 62383 98978
1948 16
47299 87494 51547 44912 85158 21221 99273 14595 27621 55184 21302 90682 39560 44627 62011 80843
8548 14
28709 5791 67523 96346 71746 93396 57586 21725 62799 75463 5167 84036 65776 85617
3844 20
81936 23640 86247 56014 57808 22443 9553 47994 77980 73669 27198 63905 99259 45800 77212 29882 48097 16535 74506 28254
5800 13
48215 23733 87519 44508 10001 73938 68136 61342 9352 95916 84076 74002 45984
2457 11
23508 36987 24780 91283 36205 73007 74588 58821 55480 77001 8334
6555 19
51130 23759 42398 14314 4832 48292 4208 67278 42654 1850 63245 23097 65829 29493 70297 2659 46543 20123 79566
2821 17
88427 17754 38519 93992 10530 32958 64223 3651 95604 38332 83588 71549 87917 77311 79315 5331 95650
7400 16
57596 8590 69153 78907 13517 74848 89982 7689 29435 17790 63989 61739 81389 55175 34825 69903
8967 12
14848 42625 73093 35219 5548 48808 93546 24999 55867 67219 89005 53033
134 17
45846 47633 74298 61847 28793 47729 95907 41101 5737 24980 403 19313 16075 9886 67647 88870 64887
194 16
66598 70160 86222 43425 49854 25795 64388 74088 9573 82197 28497 30774 87105 89950 12702 34945
9992 17
11896 24118 19245 65970 12834 50037 60898 28487 84675 54487 63811 21906 2448 18310 97315 94642 65697
1350 14
97956 31817 3912 84821 42398 36329 31155 93680 90608 61800 35975 28917 65507 53975
8265 18
26436 63503 16255 11265 50267 83408 69819 23883 40063 81234 4055 51357 26953 40197 98249 98921 81284 22335
8521 20
75115 6293 14317 86004 83416 52981 92700 94592 72412 86374 64176 53094 49863 45102 98065 66555 3523 9525 5922 55003
3299 19
47847 65343 53997 25795 51695 95610 74062 79240 20262 20310 15960 93399 97826 85042 98973 30741 5910 12595 41096
7216 16
97517 8975 27195 36672 24136 34423 38217 9720 42601 93361 33877 6127 42116 23149 33659 77505
9311 16
79237 36387 98615 94015 99333 62172 47216 48485 82155 25705 3342 46727 46668 45783 17635 58110
9513 13
87992 15369 65730 54653 90335 60200 5046 60150 83207 56349 16641 19567 28396
5708 11
82650 62126 98542 10107 96013 7715 48179 98524 80150 80304 42693
6480 15
41796 22494 14311 34171 40019 63429 55323 1793 38291 98114 33282 42358 34328 77843 88391
4603 20
42383 18290 22930 85362 38570 89306 27168 90198 43224 53922 60882 12822 32308 50968 76789 57107 91002 45323 53103 68173
6949 14
44598 88709 87389 37657 18309 39076 69979 84268 89915 47627 19600 24162 74230 50332
3901 18
89833 49131 97559 8787 48446 97039 492 49432 21202 13562 35749 37220 84781 98025 32873 23010 90093 30144
5772 19
48467 93297 57570 97814 4031 41831 33608 12725 23061 53135 50064 16659 98318 6692 53899 84184 84767 44449 1982
6379 12
39512 25188 85574 2625 60987 40951 72932 43814 93571 57692 82284 46724
7844 16
58404 14367 89023 84827 41337 67808 22915 82277 27524 52267 32801 54210 63523 18632 46125 72324
3019 14
55305 39264 10581 59127 85891 73386 68712 56315 24414 78190 39870 80908 64763 36251
2296 10
68248 84449 37941 25311 25580 86690 26228 67453 93474 60053
6753 13
17726 92348 31197 22124 53068 814 6471 95414 25050 95822 75348 62914 65388
9850 11
85252 37533 49905 47762 334 40658 51073 48557 38706 92769 94545
9824 10
98422 16142 90862 23036 57414 43651 98153 15896 66959 65308
3211 19
33432 60062 45273 61302 21718 42423 80958 57344 2888 75480 23753 8863 17693 74216 51082 87303 93215 71341 890
9973 10
50537 57987 13220 27456 96023 64736 36206 90739 29936 39969
8764 14
14260 78119 18008 77919 2711 84834 34912 33685 83761 83406 52072 4907 12752 59495
8173 19
22794 20488 88294 16779 53206 14189 37876 9736 14967 66620 36724 85821 25450 26925 68507 48393 35941 68602 19389
6262 20
89241 46852 90285 15210 98920 65048 31089 70207 73243 26480 67794 94372 77843 69858 27910 36002 79897 31805 95424 93060
2489 15
55312 11718 29276 70632 79450 2456 7327 28169 92478 26279 23176 95659 22278 51934 84758
3495 16
9244 33718 74639 91053 735 99897 81095 46385 18194 25050 10237 98643 19694 79684 95476 10614
835 10
48122 37860 41540 52667 80918 91543 1114 47344 50444 17674
4277 17
87780 88908 43504 43436 76239 1840 46843 15890 76576 41002 93834 59812 5683 21120 34590 50526 99806
6285 15
86520 93151 14578 32485 24073 50044 83809 10521 94245 41241 96251 62169 26159 86974 10892
4338 14
66402 96508 66192 87141 97290 18888 14361 26786 75523 69100 95483 40121 6983 54172
8863 12
736 10480 90455 38960 45820 82492 68996 60786 86741 30107 46586 39369
3226 15
75489 60203 66461 93612 56907 85532 95694 90856 69309 51428 16383 71026 43733 956 30331
4259 11
91483 5236 27396 93467 75274 5237 83335 67000 51461 35110 21538
6635 16
19111 83817 42696 59687 49046 82358 41814 32659 40134 43342 18033 86581 83911 45890 77140 62708
4760 15
27216 26214 86462 88702 82347 3794 92904 20161 27167 26794 57760 11922 33498 68111 61554
3973 20
87541 78534 41164 36608 58888 43283 9008 31979 15552 34081 35007 14011 33105 99291 97478 79695 79905 69055 35420 32978
1803 20
6187 65450 39287 15430 40407 4746 99296 66257 30171 49557 55820 88812 20220 60834 74092 29714 11354 4666 99959 90642
6897 19
71074 73295 37550 56907 48793 43423 87937 6564 83304 14860 75602 95402 54084 10856 14925 28038 3932 54263 16476
556 14
74742 25025 31438 37868 32051 98069 7002 40615 54005 29439 62448 31927 3816 91097
9519 14
1761 78382 29789 16754 58561 90473 72125 98718 20764 38944 34105 53487 59760 52588
5043 14
94912 66993 19614 60071 20281 99649 77439 5172 68160 47323 53184 2603 90828 13417
7900 15
4690 9484 93517 45436 1548 86698 14669 19580 95984 16426 80151 65968 96564 14390 45093
5486 16
2995 20528 27998 47213 87617 96409 51902 38640 79382 39221 71079 3704 13279 67868 82858 5897
9111 14
78449 42938 78660 22564 74859 95161 81928 32165 67954 2934 36017 1382 82988 17919
9858 14
60372 18419 51796 63971 56789 21636 82582 60637 45325 19044 30225 22104 1617 61711
5791 10
76142 97294 33208 54169 12365 14300 26620 869 56114 24658
50 13
16855 68416 39797 25630 61638 84778 29395 17550 42774 18611 41246 10110 75002
9086 17
77493 15158 70550 52586 130 67525 47245 4132 91913 68413 71945 82063 57292 16136 69144 60589 4626
6343 10
96975 13754 1179 53687 73964 34845 84505 94160 73914 46864
2801 14
10852 90892 37245 97875 7876 60678 40584 36123 83734 61112 52525 54166 25769 7739
1829 16
20320 83540 20393 39035 27219 35228 71053 36815 12266 54732 12602 51018 40359 12778 26810 98477
7060 18
19290 93846 1094 24093 36746 13396 24698 75704 43941 7246 87369 60798 91064 77052 28890 27679 55985 83866
9994 14
52988 33344 93548 75783 66894 81303 28129 51768 54784 50457 7092 28710 60602 20708
3510 20
27233 8295 65724 21238 8613 80496 48068 91384 41995 52262 51274 66759 29336 17907 52146 49428 82659 37238 86567 27346
5192 20
69319 7556 98221 75125 52567 70996 95436 98017 41105 70728 75587 10583 36198 23703 18142 87711 48908 29792 63209 64071
9755 19
78306 84657 22760 95206 54317 41092 11163 18508 79838 81960 1971 51101 62547 21292 34112 1295 35419 18940 95345
3999 14
98584 13657 22678 87352 77440 68419 65489 97302 48817 51204 3733 12382 56661 34483
6060 10
86675 93867 82043 38156 44028 9960 58658 33014 96346 2388
2378 18
57572 98287 34011 49165 86142 89223 82726 2856 23086 47155 90474 55414 49394 54700 75669 59543 81316 98953
1607 16
57912 45009 55616 73408 47477 73555 87257 37890 2940 55900 60495 81391 29091 68468 98726 23959
4014 10
55607 62085 51144 18497 20704 96015 39304 45552 89780 36549
1500 15
88956 40574 75446 8147 42562 91043 28932 9293 19342 82465 14209 14421 65605 43054 68817
7025 11
5509 18708 33186 19809 19506 76817 10805 52788 98482 81812 52644
451 10
62222 55199 66191 15961 87307 55813 15297 94095 78636 46950
7102 13
79411 93256 91222 43289 28134 4215 94048 56184 28381 37331 78200 15959 8696
4525 19
71646 66964 13579 77266 26862 49644 21555 55013 97188 72717 3839 56256 68087 54954 49413 58145 15794 97385 58456
710 18
36167 41439 37706 9437 42805 84620 31415 6486 16156 73247 964 9638 23589 8472 96023 91857 93989 32347
4295 11
93094 97197 84468 46349 17585 86017 58914 39655 24783 37073 74338
8675 13
5400 84058 80491 88070 70427 69763 43889 31900 86635 68068 25098 82152 80631
3416 14
23286 27494 65223 24787 96074 89298 784 95253 34173 3333 41533 31117 54394 27077
950 19
74950 20733 79718 47995 63784 30405 21323 38691 78655 18344 88742 89239 26107 97532 39224 16626 23026 89265 39989
2947 10
98124 32741 3651 38207 8012 92941 46635 21906 96459 19849
2307 11
72740 754 73351 65067 65227 24369 64882 57144 17061 625 11778
1821 11
2655 83654 88119 65636 73198 70453 64686 61552 13991 20486 71254
2343 11
85065 5565 61839 52409 49342 46888 31017 51385 99093 74846 10077
2232 19
31579 49393 47299 69642 62561 65923 74077 48270 5615 1186 38837 25193 95592 94374 45810 67763 64780 83134 37010
1505 13
97616 18601 77307 73310 22793 43811 26229 11186 1566 95264 29376 19564 77538
6161 12
87525 38435 59990 99286 35688 24389 67731 26318 60767 81974 92158 29286
7252 14
98484 1629 22661 35416 93359 22986 80902 74469 68649 44680 43343 52599 27996 97855
1703 13
57753 988 2387 72781 21588 71328 62640 5445 47958 90966 19587 20081 96109
4165 19
16002 60321 96740 34284 69381 92771 48679 92363 26987 18281 34452 67136 20374 66653 38843 36051 33826 61227 37799
7405 10
23160 32210 66578 61707 20897 55897 78381 83199 14529 72342
3516 10
25810 49344 9395 69880 6103 69463 46928 9978 27989 53372
7595 15
74058 25145 56353 481 54100 44899 49988 10927 48786 79599 85333 96763 82648 24543 95799
8700 14
2977 50946 83872 30338 49528 17330 72894 34105 51660 70741 57884 11097 52950 78132
5838 16
23035 90956 39008 29413 30093 68219 39047 63526 51816 49928 8194 3461 756 82624 4545 73387
4046 19
9968 63367 5601 49922 83754 61947 25200 80920 34800 99007 55001 37364 69492 93155 47550 48110 45505 64874 21386
5872 17
54258 24293 34326 39272 17470 71183 88990 63587 23097 84709 49300 44834 6215 54373 59250 75135 66295
5685 13
58170 38786 57234 8598 93922 57845 63681 11079 809 90847 82632 59636 55395
7929 11
79091 59298 62717 9012 52659 6734 5463 25580 87043 68480 18692
1580 19
37700 26824 44312 78882 44626 97136 69689 34388 33090 64495 78500 35209 20898 56352 79096 66274 30472 57694 136
1466 12
98255 17274 18454 82007 5870 97446 40255 81197 91699 13167 20079 48583
8858 16
32555 13232 99019 1147 65065 27458 86450 88898 17356 9267 79921 6962 42378 52613 63679 60132
527 12
70370 15161 82218 80016 41525 18970 51648 23667 9265 95932 47264 87641
5007 15
39567 30507 90689 86725 33318 46471 40029 47162 80740 56062 76588 75836 80380 23712 70527
9548 12
76966 90100 12593 49282 33079 65341 79741 50610 5328 42365 2920 87321
3654 18
40369 24886 25653 41723 55971 29642 46833 42499 48247 99153 2604 29744 41612 29961 86185 26992 16099 93975
4000 14
16140 54108 89546 25042 46670 21223 12310 43943 1906 78223 55934 49601 94913 97589
2301 13
52101 9061 26637 9801 53235 2745 20203 22866 85877 67090 51580 78948 87547
7730 17
71723 42926 96731 8499 40274 49142 14673 41906 53384 75932 13963 89426 25129 79303 11914 23892 62796
5358 11
55334 47236 14281 34864 48627 54763 94076 24325 24363 51824 88337
9289 17
89524 23456 15769 83792 58540 42430 96965 76433 88780 16473 88158 50574 39513 42525 52242 48269 33486
7471 10
22141 65198 91542 49202 94458 99844 32737 34733 81646 5605
5889 15
41564 24905 25503 53753 92496 50516 21957 52052 67023 53887 52847 46453 56880 196 60145
9319 11
23114 26711 78383 63483 11723 31139 33447 36635 78574 86096 38589
3881 18
16240 38188 56051 77451 28176 80974 79488 24616 44777 52260 28422 84238 57907 15966 35329 63253 95088 15106
7474 17
28069 10447 20262 37821 50513 10368 55913 56389 26720 52192 40882 88361 46285 31076 56439 96179 74623
4122 16
57256 96715 10305 92955 5509 54626 94309 301 71334 18515 48270 5386 36642 95221 58201 94737
9273 13
51375 58410 78300 52601 2095 70383 7448 47102 66597 13525 5640 15899 54309
7671 16
77308 88230 57186 27061 32083 24715 89290 30457 68841 85720 41467 10567 98749 79923 60634 49773
1462 19
27150 39622 82755 7073 35974 36147 38284 46544 60803 87051 61418 99149 70942 59723 86126 45781 75386 81947 98340
1997 12
45032 5711 5609 68337 60887 30484 7527 61499 88781 64842 92981 61738
3641 17
87774 65536 67350 21282 43084 57026 98396 83356 15903 84599 69180 8319 88882 4044 7183 34960 57436
9572 13
87140 95610 36646 19669 14704 9411 503 27562 93520 26027 60573 344 42095
5101 11
92877 5196 12756 2188 40097 2389 67653 4056 19596 82206 79052
5961 10
94338 7684 28828 63531 12167 90312 61363 10454 96935 96351
3262 11
7047 76096 30813 33764 6771 1965 85357 12097 4360 52486 16906
7617 10
68214 19417 29265 64393 56473 20683 41329 773 52542 33731
5031 12
81134 3196 45521 33121 70995 53329 3298 50145 48953 12711 36277 57342
9808 16
73982 39438 88729 54124 30786 56072 6558 34143 93932 2319 77238 9576 99564 35026 15816 99270
516 10
32922 73137 42720 9840 445 81719 30270 93660 397 67237
8557 13
94249 57262 16658 1171 25582 38965 33852 55397 85603 39898 6569 75943 41852
2826 18
22339 42370 42833 17651 40478 94735 96238 6595 89284 769 9304 52052 8700 27319 37111 69989 65409 27031
7463 15
66247 58456 16756 3183 2068 35230 49024 74591 72109 29081 11000 38943 78862 1583 19598
3 14
68679 49233 4982 92770 43193 6008 28715 93556 73436 19769 23414 54205 75988 1441
6371 20
16378 85169 72420 83832 27141 81901 64705 11657 40283 74896 47290 43838 75638 96124 65974 42036 37767 71975 2155 29277
2511 12
98455 17467 14801 40928 11350 49467 69318 20550 6162 21170 27626 24655
1176 14
80163 63336 84570 92171 7382 38649 85015 46632 58895 91541 91262 35942 57842 17553
7836 13
1855 46033 13160 92548 55532 11862 86429 32334 85496 36058 24845 94528 65709
6885 16
27088 66579 85859 6480 55405 19537 69466 57256 92336 82690 51407 5015 37539 6488 17732 63259
151 19
80806 4080 32877 45838 96716 8997 65393 7135 52988 90385 88713 51485 77181 79395 3581 71319 38722 51752 71380
19 20
41297 53043 45938 82303 84320 34109 10987 62074 2596 84845 50289 15417 57153 59697 53181 31923 54031 289 33832 77516
5553 10
18280 48245 10446 28693 47365 39426 16784 22177 24749 50940
2212 14
30851 68887 39134 39450 87392 93610 12228 22942 1349 92152 4706 49383 37088 96640
7909 11
20475 26770 99998 55650 57773 37559 14719 95955 96590 59546 84875
6180 16
21954 46589 89906 70122 82980 62722 31646 86197 4378 34947 24706 63145 18528 20439 94243 73166
9653 10
92205 635 49136 68216 72267 81465 28488 81220 78552 28441
7734 20
92277 95387 70372 60539 108 59922 25989 73853 12479 76638 90738 41152 96541 47672 23806 10068 27975 16254 95683 42257
4302 17
64438 51664 63503 77785 61865 55163 76692 81153 77875 60392 71608 16477 5455 88914 76065 88200 49688
2632 17
63572 32822 33928 69919 45380 41421 55553 58005 41768 84222 17173 58992 33741 83070 15425 19336 70290
5673 19
15124 61293 40491 14906 7076 82515 5547 68993 13124 22496 31897 81990 22702 30761 13898 88499 67506 91309 89370
7257 11
6441 66983 58064 26194 41813 38793 80017 38350 93417 46201 47847
4183 11
30307 32681 81905 66845 71360 45782 88220 6675 77945 27219 3029
7738 13
93482 35019 16661 50174 36342 16956 45030 44526 31464 14593 86981 70343 34577
6204 12
8963 52050 16409 50036 1671 15675 31934 80669 45667 41035 69596 63558
4206 20
46055 26379 50700 13065 77130 29475 51832 37183 60437 15325 20205 55755 77600 18792 45825 21535 4095 22621 72813 19469
2334 20
58380 86288 52364 57452 40458 69276 59955 8620 51587 7992 5977 62145 47801 31041 24924 91457 3961 99641 31677 79501
1165 18
81819 84316 88261 54567 10049 87044 12614 2725 5485 73617 89011 43187 41432 32632 64918 25160 58805 64895
7841 19
51679 91832 40280 53855 47100 38953 29602 34294 48987 24318 72893 32406 17413 29245 73346 59880 18316 92195 13603
9778 12
6730 19102 92679 24564 13653 91940 29631 13565 24087 32084 69190 97200
6882 15
92191 24119 53791 52116 4831 69498 18509 7670 89601 9025 1485 52307 76510 87702 11188
6641 16
83966 34905 83457 78045 94195 18204 25626 51814 54873 5314 88013 75785 20004 39050 78931 38892
4564 11
38771 61444 90239 66754 54507 74868 79075 81654 52772 92297 3192
8614 17
65353 51274 11120 14453 34934 73140 60435 4342 1704 34311 38423 12923 85176 67238 99474 97562 14016
3315 13
86260 81832 43159 40847 18626 31298 7831 27201 89369 89541 69369 74162 23220
7610 16
28097 9886 5485 10641 46343 56991 45675 75360 98384 98278 41414 46027 82766 99246 84910 58888
9586 11
371 50989 87166 13195 20877 73779 89181 1603 75218 68095 6139
2707 18
39309 93375 30255 68190 21734 92654 30786 62396 4359 40892 68908 48661 60038 89202 44781 76554 41105 66057
5491 15
16063 90695 17760 23414 68770 30253 13346 64717 44393 7328 66873 42612 93423 81691 83529
5653 15
35548 41534 31764 68076 24206 17612 75125 78670 29580 14042 98781 39326 38228 13655 46740
8304 16
71669 58887 56174 21055 80820 51497 29397 52055 9487 50991 74245 34199 13793 74111 31227 8225
4992 10
4692 93923 77293 49182 69309 70388 81090 22018 58756 84397
6491 15
98042 15707 70668 56274 52722 76255 86064 53293 12191 42330 16541 96622 53581 28843 683
852 20
78418 25458 39399 7225 54763 5739 44029 16154 33765 33037 92179 611 5871 51262 32348 22734 50386 99912 85515 7622
5657 19
73480 78988 33281 64581 89115 92380 69904 75887 21905 78482 98308 50827 21972 18454 80503 67741 63238 65475 800
3695 17
64040 58179 84795 62725 17401 61004 21438 97281 88073 73237 34586 50016 13382 13845 6476 17974 1600
514 10
8019 74218 13093 16197 62389 87912 71903 31157 96499 46152
2725 11
63069 19656 3832 10183 33166 30549 20530 9798 37488 47720 13388
6417 10
46573 13614 73012 41532 77121 46830 46461 18452 95078 63285
367 16
72870 29082 17103 99230 42113 65945 7858 89874 42091 18642 76664 87155 60182 43491 47264 6665
9031 20
56803 891 78193 60531 33926 42094 30965 45950 94189 64707 67908 25318 59006 35648 61974 68389 17481 45846 82491 81538
4170 18
78045 3723 62164 13380 8546 21707 9654 84045 22287 56800 1918 80354 52006 83717 24690 62841 39584 61321
