37
883 241
15687 78660 55071 18590 12719 64990 7368 63348 82206 56661 23373 65081 18194 93977 49283 52718 61322 52390 75913 22980 75553 17736 12514 32203 43100 26465 5944 2165 13705 60680 64365 76794 21598 54626 26999 97954 88686 24882 71655 81974 80388 86738 24513 84987 64983 6693 21781 62638 84620 98146 48119 99288 80955 72649 90567 31352 39554 25256 18638 15998 11352 19445 87007 3329 47408 38050 20819 199 72744 47936 66489 21126 36994 9094 85417 99179 30044 97057 21491 86540 4917 85215 70135 95863 44072 26756 2037 95604 5120 14213 86770 32518 24079 29604 68433 93056 23428 99565 98414 20326 72866 59085 94741 67627 3734 90393 55953 51472 5331 6977 8806 39717 81141 38403 75342 61478 54099 34547 66900 59620 19792 4977 18528 66734 79411 20431 49827 51938 48299 29698 39639 61795 1454 13591 88786 66837 19429 14856 49598 48010 25142 84946 12902 22548 14543 57065 43157 99527 29465 74382 50211 88081 84333 26468 50725 99875 42312 83882 18201 25304 12215 3606 15084 4170 17047 13410 92252 61862 5367 65219 79305 6685 72691 80217 52039 1095 93288 99604 93251 1059 39484 64980 52822 96518 58509 83098 72351 15433 58363 83141 23296 94559 65636 34020 58099 42251 84059 62367 1342 4230 71179 60878 65391 60238 54330 11721 84815 1881 92813 61426 7920 70701 60401 22465 28952 75549 66568 96868 17821 4807 55882 52484 28026 76426 43976 56005 72619 86816 85202 78348 31410 74024 62022 73171 99920 57016 26217 88908 37806 23116 60398
997 182
4367 88586 29843 36854 75424 12349 4292 95008 61945 82231 85227 96051 64306 37675 41003 40723 89554 89434 20632 19392 25751 12648 18347 80190 88889 58938 82862 40236 38415 4013 43662 13468 75601 38040 45460 19912 17341 6301 14573 43119 58486 11355 30524 36823 50525 13234 68737 81112 76843 34344 21361 62002 54469 68540 76078 37125 37798 60300 2253 89493 65137 74726 77376 6823 97546 19301 73691 99444 94862 56937 64567 62670 18393 6878 95813 67319 47402 5182 75152 75911 44335 1883 78466 74573 10913 12257 50962 30007 25997 26831 50072 46971 40590 87206 40468 62702 22048 8145 14024 77009 31922 7224 68171 92347 58514 11966 69506 23881 29121 3702 37252 29560 20355 4783 85588 91065 44318 4912 90336 71930 84627 57871 40419 78252 53334 29886 1570 21057 72680 4354 14794 59228 16494 33980 12630 18817 4231 34682 32982 83823 19219 78006 19521 96464 47647 75526 70909 71433 51023 24784 39289 26383 29885 8535 46656 87515 49206 78250 70659 43969 16540 67100 64822 43668 97779 57108 66237 68513 33290 80206 22493 59871 57536 4781 24089 10266 83494 83652 82686 59526 58140 16611
555 180
63681 89398 83892 18451 81042 75904 52904 8937 29745 86543 72869 79610 6559 76303 39367 45687 72605 30821 45094 54511 56742 22923 1774 87305 2517 96939 46029 32338 78697 64608 31880 56801 45506 68900 62932 26157 86557 68349 92885 76480 67273 26766 82001 46337 7229 81559 62177 76772 25834 6397 30604 94347 47441 53216 38612 96085 83945 83687 45514 55824 10064 55810 64681 2749 73663 37182 90348 89085 82002 18432 54133 82610 43868 15202 25624 17841 20951 96277 52490 1395 47189 11675 54061 34074 22010 97951 44317 21203 20554 52168 58750 36042 8899 4778 12765 29647 98964 37964 39669 48713 85198 6840 38769 27073 58444 57820 23082 75035 55699 80477 93215 43088 35176 62716 80930 13577 77431 78323 42695 98701 74836 68180 75437 39153 51281 19817 87983 76976 8173 60126 5228 2509 71552 79316 41329 18832 46952 65822 56832 74806 35654 27752 64765 23410 59114 33809 41928 61806 7845 3546 44065 7478 54088 41555 29698 85540 76201 47404 71576 36188 69374 75887 8365 61212 48796 8357 90509 9673 56663 55166 18725 63640 56952 56365 36671 85920 55675 67115 45025 93438
269 348
98981 9184 21507 70226 83724 88520 85705 5506 44080 30844 76300 94570 61574 93664 81318 18720 63372 83012 16079 65702 69964 82128 45174 84877 81446 86627 55705 35500 25520 20969 20493 53821 66552 40713 31287 88247 69722 755 32055 50606 49830 52115 83826 61533 67837 51058 16689 28979 51614 80651 92808 40155 67892 35651 96063 91398 41796 41883 56529 63081 11316 22030 60526 70225 68555 17104 16483 49216 60458 10178 68953 2956 84528 17003 79400 80904 2004 68846 21502 21883 95364 90699 89962 13283 45320 54431 81436 46447 91300 94777 27232 17831 45727 10030 49039 90190 43919 1406 91868 42472 76386 90928 47962 47833 90527 84780 20925 46609 56284 45425 73132 12551 22203 74605 54348 66692 6685 22002 67128 59732 38940 13259 84934 43934 77350 17796 78604 22591 197 31629 54099 82676 27169 86957 35513 46508 5877 31836 70946 47153 39790 13836 80398 64650 19776 2894 76492 97056 37076 1311 9408 90066 99139 9225 7231 75712 90893 245 61651 77149 33194 29434 33486 40699 3300 79439 67209 34565 21916 74463 40543 56591 38659 42344 23170 26253 70926 69141 65740 63903 8491 35763 72869 25562 70598 73779 86188 67168 3224 87181 48219 32466 64076 84517 97604 79928 88916 51162 48405 29408 80519 6297 49422 33022 55939 27468 44788 36774 9595 15352 89156 56905 32046 39935 61833 86739 28830 10129 46225 3371 21956 66958 24297 98776 23064 78602 79141 87635 19946 20501 18892 3820 32155 98289 38702 91101 61999 27830 31033 2433 59622 39097 66863 70515 92022 20423 76126 33894 55623 67539 9795 68442 21496 37639 75156 9874 88875 70335 47060 84046 28044 73734 89094 83089 82939 97813 76425 40064 45588 38098 55647 55965 81589 45388 8509 82529 7881 20230 75559 9613 32679 43853 8891 66345 68825 49774 27940 37513 72769 71779 69630 61310 46622 88852 31315 90169 6806 16628 694 63054 29175 9403 26725 89998 43152 27622 50138 86859 26093 95837 75875 26384 9516 44255 65582 54944 29259 22580 16425 67248 54501 11205 746 50432 78576 90700 35805 41851 31785 73292 96363 83413 19079 23365 94266 47146 54708 37365 8009 73781 37021 43734 3126 5087 1844 76235 35912 78962
924 342
59246 82782 3010 36542 44757 47019 20962 91882 36899 3823 74200 1214 50230 2065 41025 53949 19692 74725 54678 92665 44277 1797 50276 5530 80944 41692 23901 72390 62651 34592 99055 53481 18695 23428 32487 12550 51027 55748 80047 52612 8384 33975 44136 45669 78644 76194 1215 35348 3309 83528 52410 64211 708 44505 28662 13828 16968 74689 12367 78298 13366 49359 86660 50396 74424 97066 28425 99751 47607 11031 50519 92374 6894 23278 10086 60183 55777 67502 90386 75175 7603 48828 72032 55816 3401 36211 79828 19137 91530 91760 96374 23183 40642 19995 70477 31828 90790 88880 23313 70616 90952 51912 79025 35352 99522 15116 19183 69863 26004 81336 47081 81897 83247 16976 54378 24210 39418 47498 19845 99742 26520 54943 511 22600 31562 87355 40220 42611 1137 58314 16632 74886 43988 89689 98695 36569 32840 56093 80398 79419 39473 2484 49167 46364 92767 39919 52806 585 91618 15426 68151 34893 51236 6620 90190 49823 58284 17835 61717 31594 99646 15510 32461 92726 6444 53582 5867 81997 16623 14504 48137 45748 49820 1580 68305 15572 15452 18734 35502 86748 1569 69537 71423 53098 86202 50922 65583 88069 77751 49885 59916 1546 3315 80473 76849 14735 95959 47971 53852 12719 73854 80781 86283 23710 71600 48375 71547 11977 88450 69064 41232 52213 86917 32505 34864 11517 24113 46519 1668 25526 28161 63117 6029 5549 67568 93498 71857 58684 68918 85491 50802 65821 32582 77107 3919 96324 71426 81933 65375 35375 45272 82123 5035 43896 91515 94705 83435 34873 15689 8711 89765 15910 16705 7993 31861 58729 64837 16824 61955 29797 22917 71765 31175 49435 87389 20955 34787 70724 73312 67443 78557 7090 69605 47638 5337 56299 66938 30204 99525 63340 89683 42706 83268 38045 89424 14159 70673 41849 33046 33196 65239 86594 40754 38779 72516 34071 17741 88724 51379 41173 83231 91199 8854 5893 82479 79297 19156 4446 71106 11759 75134 31180 6805 56559 33981 97508 13122 55341 35885 39420 91577 42686 35429 57409 3990 23986 43868 93303 93360 34461 44365 45314 88594 92953 33693 13448 10706 57494 76461 49886 6575 16746
46 328
24226 41068 69037 39710 99152 80925 1587 90429 83767 43207 53944 55376 98027 27535 82635 57181 73871 20777 77460 35401 1298 12229 41856 94025 38297 9224 98279 53055 95687 69050 17901 5656 22185 79255 82716 83426 25617 50735 22369 81113 40580 40057 45180 21158 36366 64255 30486 57782 63887 36763 65262 78557 20460 43758 75395 751 59989 51604 60065 63083 21054 69789 80228 47033 83444 69436 2611 48248 99469 23861 52020 28775 27896 68219 91392 47739 13777 30129 43107 92108 59532 79941 60312 94871 28612 52358 85009 7289 30543 99562 32418 48805 48089 9401 40130 70426 21016 81372 26307 72956 57933 27553 29773 37191 60422 82080 92433 16440 54345 79536 79530 48041 41935 41235 59912 46709 74225 62156 76539 74172 61827 99625 89075 93663 86280 93110 52671 70891 23999 67487 59277 57198 30138 94826 29044 99131 79475 15513 4184 60546 8785 75212 43968 30273 92886 50367 10996 11429 91621 68526 89775 6984 38969 94697 22008 72900 52532 5421 96296 55724 33148 24318 89506 51147 50418 85124 53510 34747 7850 38842 37036 48289 59597 95853 63342 82302 71271 62195 16684 17059 70983 10142 7059 12551 5272 23406 4051 51895 85321 64920 62589 47188 43328 88496 56085 62018 71269 19546 80725 25613 76307 84908 33091 91299 94586 50636 49699 49543 22662 76283 47911 67860 26267 19367 10364 81939 94328 9948 8998 9424 77003 9811 96070 90316 65719 82511 96992 23614 22918 75405 76382 27661 65818 27663 624 12140 20800 49691 92667 31619 54272 88988 73425 85641 9249 55855 38821 87056 22218 99470 17269 74001 47614 41037 44654 695 77999 94311 65021 14901 22183 83873 65383 55008 72504 80555 55935 98850 78121 86439 7483 72408 25115 131 18612 12591 85875 81744 32619 66504 8366 50766 5732 42549 36069 48625 15178 14911 50192 55280 69610 22608 31795 63676 80176 25018 37329 28707 64429 84367 50317 80133 38070 73515 37410 25195 78620 77554 21955 1773 67427 1598 4377 10302 16016 80116 49897 95924 94922 91234 23873 86672 86059 3809 81152 30448 40154 64366
930 308
64423 13225 87311 82837 89027 62901 12410 65158 12630 85492 55353 92829 47532 77158 42283 97189 95561 95121 98769 49573 61661 50587 92893 58070 24844 78386 61234 41379 72017 60839 71680 20348 47393 43217 18416 30986 98244 81760 3184 42304 11488 3494 85988 73438 81267 51097 89781 49003 75917 71663 29265 36576 71087 38287 46038 42610 4288 46106 45575 46354 48913 61915 37106 88274 34628 67131 30229 62844 71105 18296 50794 4452 16064 56693 42309 33524 20971 8359 2525 86932 49441 20395 71915 77056 51924 98349 20309 47959 56654 26737 42164 64532 66149 72260 13910 71994 96106 32172 82427 26384 5532 46002 32100 93213 32940 59578 18827 63942 15562 66476 35611 60568 31180 39636 53359 63122 50928 10122 39765 70348 18678 75216 27016 88154 55285 28403 97277 16334 59710 68792 35813 46318 36587 76412 24305 5402 63641 26102 4881 12238 78000 28118 15889 77371 63632 51065 96053 34687 27369 28526 72690 61493 85989 32765 46990 84149 65785 70837 17468 26349 46872 61694 3297 91334 57183 52727 82081 82068 43808 84006 53640 62493 43317 392 33058 97311 72963 98730 88249 13886 76800 2181 53768 43766 15381 2877 12763 34817 47185 40121 32404 56279 89711 96272 36737 34755 63309 74697 7857 86274 85239 86160 20387 64042 94271 57521 43464 30626 137 7614 21725 72325 66983 87624 4103 18593 82597 76632 9040 24269 91121 89017 85208 83202 32046 31478 63739 87417 14762 60115 32745 71445 56388 62360 32044 55023 93023 53316 2621 96088 57952 69387 22960 91987 77652 6047 70321 84221 32498 27944 70184 34671 63716 98525 27667 14137 59477 75866 99909 13787 32433 82793 18557 6830 92149 23574 90808 4642 17969 99365 45162 6926 37526 14143 208 50713 2171 58343 11342 63383 69334 21103 28020 48136 90260 67134 93696 41830 1082 88320 46588 56021 53238 89997 33730 56284 73342 4396 38183 74778 39355 19801 36734 89418 37373 47452 67693 37690
249 150
37265 92212 90671 92989 97483 18386 27780 93920 30889 48526 80926 72314 93144 22959 35381 25071 59140 66772 48734 47733 93562 29872 33704 52602 72165 16511 49799 1232 7679 77222 14805 48115 47327 76605 69105 69189 69267 42075 77400 92468 63072 7279 902 19762 91369 57922 27142 90649 83490 93949 38827 59933 60351 9930 77117 31624 82530 32685 20399 31873 40377 95637 62682 54514 79359 28769 39965 20524 89607 291 9198 85707 16943 55351 73348 65812 30524 58422 21653 8688 88969 84921 15145 1862 44051 36384 46652 88083 7345 64914 13060 96954 82577 51824 95996 17762 40082 27417 58885 69950 63142 92870 94248 39358 70477 2848 74847 84261 26176 94827 28532 40620 47150 42934 59587 18706 31332 10506 1181 41669 68030 72566 38831 49904 75445 47783 9757 29405 51680 53846 27294 11900 27749 58796 35407 91584 64840 65444 29210 93117 56752 4467 56957 76396 87778 42045 14319 74967 97067 29249
809 296
84987 96526 50853 18947 79449 50558 74196 33347 85371 57140 45590 70674 16239 61229 41134 58819 33687 19225 66924 14077 21761 7924 14718 67896 34527 80247 51938 93079 92146 97468 20533 58171 53633 73519 85093 9520 7449 54279 65307 28205 78982 33976 3450 67064 91735 29118 81191 53832 49634 11170 15312 68259 60028 58139 39825 68553 12178 6821 88583 49648 27234 5221 37748 65613 39606 5705 14045 6624 11204 90635 42106 56316 2591 75806 59048 78730 79836 1779 87914 90894 35806 76408 33995 74314 34886 83089 95114 88135 13171 79393 65976 8521 94751 17620 26782 77285 69337 93336 35451 9522 59782 28640 66683 49851 54131 79148 75489 38182 46355 71269 67924 1293 40860 74334 19209 84288 28896 83439 32946 60837 24623 74925 60184 57645 53354 27382 83006 86263 37346 75848 77915 23756 28962 5890 36054 74916 63314 17597 94793 69683 1118 47989 63687 69119 31111 52233 25633 3403 28200 39890 8694 23689 58146 64209 95803 1287 47182 87365 77104 56148 18461 64757 28159 45510 70721 56218 30127 14788 5056 47289 77727 25422 89373 54641 73053 73875 53470 88664 31547 13307 32543 39689 80417 96110 88995 73333 22772 1095 52792 43679 28117 36169 63153 64651 62448 91335 46820 15279 81103 79902 12117 14591 33174 60313 76856 48955 201 12742 5405 27340 39171 42358 59538 10190 42698 83339 62376 98060 35190 43368 47909 65499 68863 63264 46387 5113 96818 25228 52959 14921 45747 24931 31057 35855 19452 42525 37345 6379 80021 54689 97728 6038 61348 89263 1494 82372 64614 22325 1317 97609 20652 4913 69481 50412 46806 52712 18507 49141 49748 3876 2570 85247 26249 2849 12788 72019 64433 81069 28574 55953 90064 57248 23516 26485 80242 20011 64584 87288 44479 98714 75021 35727 74034 41190 9798 76359 31934 11967 47821 80452 6373 13368 16220 93463 85851 25210
99 142
61951 41799 5655 18813 19832 89225 65511 83965 39752 53122 22802 16839 36624 536 20064 46337 98586 46678 53192 59843 91841 29570 14713 31421 66449 22244 74072 65128 28436 94880 48712 24100 69035 76377 46036 88564 28299 14553 22179 79463 66738 13421 45500 65352 24536 8991 94277 44365 58222 75929 37286 15395 81579 76293 53763 62057 25038 24124 99892 37249 89814 70892 8023 27075 32320 41917 88114 57152 92980 44283 40877 12871 83098 36697 39182 53727 11039 5710 56223 5991 55285 28307 84362 1169 14935 23957 56243 11530 42526 79701 48688 94201 89367 28753 88080 21330 31543 34924 96825 43647 56929 26431 56036 55122 38766 74863 57229 45048 91386 88713 81688 7837 66257 61044 22299 38453 94442 75947 20715 59697 18605 41554 97348 9924 71720 34285 88209 86002 1892 65781 42637 95313 67174 6377 21363 89596 77197 45406 18480 41943 14842 32814
117 140
66255 63802 40770 41099 43619 39164 19573 97661 54113 54364 79194 59098 7243 98032 77121 62787 62685 672 60353 41279 35514 6466 84190 2229 56993 76641 93972 2341 92209 66173 65698 77561 54941 93298 60019 90691 6917 49710 59059 64101 61922 85094 11402 79239 65790 53977 407 2228 11404 92820 56058 82476 9792 74446 65315 65761 33537 16381 70403 38802 86543 68568 48302 23660 58840 29924 37566 48574 53779 18705 91430 11078 72002 81724 76825 13883 34145 29118 59879 71919 23325 86417 54140 46375 70477 35547 82417 88808 1280 56703 24794 41504 41713 3013 98918 98540 4502 17408 70738 15271 11131 34466 67428 81275 11390 76458 20499 13146 7174 64 67154 84291 21179 72892 92982 95821 54872 51823 88543 22168 57711 53174 5750 98797 32624 89878 66740 27140 51302 27734 63321 49648 17628 70289 86140 64055 70944 87863 28564 61222
212 271
6127 24700 43232 75569 63197 82971 45689 48792 49125 7125 35152 59416 12123 35742 40626 84665 27086 28789 33200 97607 74294 87217 10534 23939 32589 81801 71010 81304 67468 32634 20304 77260 90452 87201 38496 23451 25899 69150 50 86273 28550 71781 58349 64051 72550 52007 8473 20495 63699 77081 27098 13934 88095 28189 39261 37766 43024 58336 81986 6733 87130 69095 4059 84314 95535 12218 55317 84891 83379 10765 19933 23533 88644 10845 71560 54603 29269 66658 67632 64804 91876 87537 59843 40022 67886 8864 61280 24826 65177 16712 77048 2217 53291 30734 95098 95615 30353 88551 63617 27671 6034 11287 44394 75377 42505 38244 57725 14117 91949 34644 11839 50101 22843 502 76958 89742 51839 17520 22731 73407 70740 72831 55026 68916 66122 82544 78550 46401 66198 74369 2779 77056 90056 86454 89918 37187 43120 72825 73571 45493 32475 86448 17470 3270 41258 87425 14421 51353 99185 37154 11983 6237 44790 48208 40766 38966 4404 12391 24193 84979 56130 28699 60286 95008 96559 26009 78563 19277 13989 45471 55643 44538 86458 25177 72918 85648 97365 34109 31596 98841 65113 25853 8743 73237 84003 36087 70805 58560 31544 40502 30850 88622 49223 51968 49196 58812 11538 95307 24333 3486 60024 12843 69183 95115 64144 179 43003 33600 40008 44551 24534 54817 7162 9230 81379 81915 26899 55851 28910 16485 86865 52047 88627 26242 97531 17661 11773 54324 27646 66782 48534 51203 9902 57585 93721 4801 89900 82043 73083 43594 14688 64461 19128 57495 86430 26314 98574 2245 35644 48165 11833 93516 27790 28563 58601 77549 58393 56342 96669 80219 4963 55964 23262 25662 27761 18873 19881 68176 84696 11403 81133
43 268
87840 17988 29956 97147 62238 45981 12413 94502 45978 26113 76396 78073 42759 55477 50548 54389 40109 20865 34527 514 49456 46356 89094 25061 51237 53218 68660 9069 69816 52820 6876 44211 8847 39422 34870 77823 21310 76505 27027 31177 46285 90261 50549 42109 21196 28456 54107 43683 5166 69776 3289 64863 60394 41017 7550 96163 96315 53273 27038 24022 87209 63913 31142 16930 71973 42886 18732 98459 48840 8417 13513 71578 74263 70333 35221 82589 86139 11111 62007 48969 23263 6224 43563 96329 23319 7360 23533 82717 33158 9902 29873 90425 36036 97218 1459 19711 64850 28447 72317 83284 14481 1827 48303 25693 16060 69008 44003 57510 28361 86575 10507 14162 51530 62893 10510 88181 50074 82957 15547 85616 70940 59050 73837 65141 76662 95793 59993 99799 52601 22923 22375 77796 16638 7074 57072 10117 30351 13093 88627 4278 2388 98696 89758 40027 36429 69915 73441 35276 22297 44701 79482 54160 46435 11912 94453 85024 65278 52381 43582 10766 86675 93189 12152 11048 63076 75607 78708 15399 87480 33151 13286 34317 83744 4946 65826 56922 56094 48517 29196 30005 82887 49527 51637 79920 74525 46572 8872 13083 63423 4411 23269 74051 17275 76529 33685 97081 70373 94973 67344 15767 65357 79903 6083 77571 60904 42035 16673 21702 77327 13570 8315 30496 25173 40956 44458 98941 22268 70677 937 43434 37262 16107 14216 12977 37454 50684 65460 50233 50613 19061 93346 99494 97962 86395 5707 67198 68974 71975 62744 68035 26282 19534 95391 48571 19185 6521 14819 19264 17594 46064 39070 54978 33029 83548 50228 68656 46682 74788 46488 24646 61830 79092 19247 42245 61744 46072 32005 1181
654 192
59026 19273 26985 34926 79789 78060 43283 52080 49448 41246 51414 88088 48739 60820 63019 51656 60337 34630 40395 58293 26190 18910 63978 23325 87993 88844 81816 88828 86832 12908 85566 18524 79458 84242 21191 77278 95899 95243 31753 55391 27491 69960 87239 30007 80931 2448 60106 61205 67505 31353 88744 85067 746 93429 41203 48012 41862 51300 85503 6007 62060 20635 83088 94912 51480 90789 60741 83965 38543 93626 64548 29791 61242 22924 61381 59945 37843 93335 87275 92485 68299 69562 75037 15846 89392 7780 73376 97801 43428 34515 25715 91181 43799 4278 74466 49500 68279 26899 5337 28072 30347 26417 79552 96817 21432 89916 74811 35360 13105 27292 27237 78925 78122 2583 20763 75277 77907 27465 48098 46051 53784 96358 11242 98289 47260 17960 58476 173 66350 96607 96114 2615 94535 72865 25636 91688 8229 73048 27364 42488 95696 49903 95896 31976 77426 66288 7458 63882 14425 71526 33965 79082 84684 82891 96143 89698 60958 93352 99785 14805 58594 72950 92301 85523 2309 81894 49718 32998 44385 60371 48657 75679 67291 90466 59482 69580 91368 24326 6961 37432 46877 57181 60792 22451 35243 92674 75158 2475 55534 79125 94285 97242
745 115
31948 93331 54001 46349 1612 3896 77945 19015 76617 81206 15074 94412 1548 62618 32278 63628 76823 94080 55384 35417 38248 76111 16968 37130 80523 34318 95106 47437 93187 76173 68633 51878 68840 89923 22850 55644 70812 15646 57152 90132 8185 7501 74702 79199 1945 15080 42290 56600 68759 14911 27140 42069 48193 39413 80128 22119 2972 57694 4058 83817 91805 83704 59359 89193 914 99430 89765 94619 20600 55004 59738 10637 29616 56031 62186 91857 88292 2865 77894 59408 7957 26019 36737 12180 33739 6320 8366 51111 94894 97260 31246 81306 8119 78639 11888 69241 28970 41364 43254 4039 24498 82662 89685 7854 77900 46949 63691 61510 21414 15183 6714 42115 39033 94342 96988
453 224
87929 63735 86751 14791 22200 49260 44726 52685 92241 33644 85594 58266 83058 21893 61809 21613 43959 28826 74660 68649 17969 76601 29318 14589 91371 54674 33565 14059 2255 51759 42877 76147 49861 90286 80739 77237 79582 96102 13415 77460 59951 51861 19169 48467 7577 1551 10412 80289 77033 35831 86395 68467 8379 13671 22745 26380 35396 11959 64415 48231 92505 63570 9468 17913 31663 10239 74106 16227 96915 94445 36154 76389 84152 13819 11559 54388 91038 8716 87927 94982 45563 9528 48957 35962 53998 52950 75571 47424 55017 95510 45121 37727 79209 27921 65682 97320 81654 9629 9404 53313 2350 14253 58696 28092 23540 79388 77493 31926 92587 61500 44189 50526 39324 43864 37855 58499 96800 38426 31148 74615 94687 94557 91583 39703 35948 88553 93793 67599 8216 99505 28790 23355 70531 75027 27568 39800 15541 49780 82295 94926 53576 8358 62096 32 6806 16584 40098 62190 46667 44757 84808 91213 99402 62697 28025 49183 6584 35547 56230 23450 359 1177 87177 86454 99656 27326 449 54779 95859 21286 24974 38042 47096 87249 72417 14775 74013 92872 61536 18601 25598 78273 98607 92896 90098 35316 93747 33691 10241 85369 50607 76666 22743 3506 7083 69608 77339 53706 34471 6541 68149 79327 23913 33664 67860 57085 3871 77428 61720 83853 81078 21646 29534 65862 25376 5890 86955 47646 67538 73488 40182 28990 17663 32624
683 108
99511 51889 33163 55325 30197 4742 28942 56770 36376 25423 77719 56464 10005 91153 55004 67840 82563 51235 48243 29544 67160 64588 88362 19840 89701 47368 8504 75859 12209 9028 47610 75314 12887 48606 71739 9500 53177 21937 30714 25058 24818 58245 61768 50104 42854 39948 72748 74471 19521 86832 95627 55186 48596 25461 78598 97376 17891 4471 93191 88659 97803 98816 59666 29333 70125 5220 34881 7337 91085 3465 6078 98908 10827 10214 59575 4322 26292 54087 76620 99783 80919 18760 26829 28159 6680 58364 54577 60367 83514 95307 6405 84425 10440 81526 74494 84700 14337 28373 4993 62851 79462 49220 82904 62332 46005 33222 88854 60209
512 212
21771 4631 13353 66500 35104 10390 80832 55463 77064 85363 25720 75696 29237 30072 2284 21149 65813 53171 78610 91649 3575 81799 58183 99519 58427 90277 40191 80991 32793 80670 54226 69318 29535 89836 37757 15110 85626 61588 49891 98135 91484 21861 47024 8492 13891 4484 59774 1508 85942 98260 41447 77116 23365 38252 13005 79293 17208 84131 57756 84708 39274 49254 15339 77616 29876 42454 94359 84319 14793 96181 89321 63133 19851 86233 48671 97356 80966 60202 83446 26032 49567 41430 13680 19273 47566 14374 2324 96283 99090 15233 42359 82222 89149 88791 3170 58892 36370 30354 43878 66255 79813 36220 16532 54780 86520 23778 92791 61879 59491 31230 85781 57085 70893 92352 57754 94461 83147 75430 5222 29940 72484 8640 21119 37529 23103 37150 28864 99816 97683 132 17283 9380 90760 10214 3076 42242 31193 40162 34265 63617 26623 6405 90076 33472 51012 48061 8289 34119 82598 70642 76584 12302 35 20246 70488 46290 40768 68350 47088 13771 45105 34997 90310 96154 23976 98874 80236 26534 97672 39824 36612 31413 44946 32946 84687 91252 44266 66790 39431 26695 89180 66306 74111 74214 19546 35956 52477 15711 96883 14989 83783 33471 16123 27781 58366 32251 19784 55346 3302 10563 74373 74500 45952 85350 65154 27812 89358 29723 4550 30133 8167 72946
225 194
13 62700 53879 33790 64669 83624 81044 3618 77532 34395 26186 22309 80287 54574 87877 73186 81524 43592 28596 76589 18656 33359 51006 81580 32096 5801 26833 98444 37496 85596 24278 11105 83715 65240 19974 62480 67619 11069 33212 36876 56317 44178 12908 79481 11594 53958 22720 91246 86806 51295 10248 60836 75434 5957 29125 24396 5949 88148 55881 24874 22301 93411 98395 77342 81541 33700 22298 90952 71470 41158 72014 92468 68610 68665 44388 14025 64586 96837 44703 7484 95524 50593 1505 48728 82902 88351 92161 38592 53896 70290 66132 68305 11712 56509 47107 86227 58357 64070 47613 59590 13656 89422 67443 29372 78178 81243 51287 72823 87410 64951 61661 7395 28449 37872 51692 73272 19436 69963 25462 47363 96449 46699 44929 61425 86672 6196 84531 18153 79305 43436 56464 82724 26259 96473 5857 50095 19709 77559 50332 5615 10374 64572 35986 7896 5814 59815 41153 61203 55814 31802 765 40912 72550 68700 69638 81839 75775 53341 15425 29415 17056 5724 636 51552 18254 52300 52589 89586 8210 9869 28271 76669 99238 55423 16830 90937 21698 51747 63076 59587 48963 79689 94513 97467 69314 22621 86087 5513 90549 72115 40041 1097 24047 49930
522 192
44579 92197 95781 70864 29125 1458 20134 18141 30485 35547 80720 50491 94869 4168 79373 84882 76127 94185 32792 5277 57308 14846 48090 51887 54488 49865 96006 21168 39102 68254 67543 11875 93041 63080 68084 39109 3786 73603 35991 54349 32235 11644 80744 3799 27582 1083 91967 44754 33223 23084 59925 8472 52814 48984 25170 64942 58959 44286 91824 3741 68727 3533 34279 29403 29685 25884 29670 4931 69833 30839 74679 18614 46627 22547 2842 55755 51594 50565 98379 89532 18521 54972 61274 14885 37563 48043 2166 7467 41107 3721 79153 9753 25910 36663 48983 68461 68031 47896 51167 78974 22143 40670 73055 27115 57340 90929 12759 54910 91720 66565 30550 91126 40146 58478 39384 97200 36133 49710 64588 73453 76362 2148 47197 90621 7082 30366 91564 56136 87587 35402 80205 13062 58911 1028 16250 96550 53591 91158 68937 80057 34333 54279 35534 59224 16389 6353 96714 81440 89055 75667 11277 4750 21507 32854 6236 57036 180 25205 76878 29842 35014 99879 311 85122 18870 50404 65870 62358 89648 23489 74162 93600 94238 18244 83288 22443 56529 76016 50269 59006 87785 5629 33141 85783 45137 58479 34971 96033 89318 50425 96797 55704
759 91
98952 29850 15187 70529 16442 32308 31117 11839 54432 27690 32491 44405 10493 67795 38311 69457 24564 29758 7472 34647 34980 6473 65387 75588 86041 41816 3407 73841 88954 45821 87296 49011 41797 38999 19718 1323 57066 38301 50895 62098 44510 48913 3593 72212 39442 49835 35600 59301 93824 52858 4576 6317 31587 4772 88355 184 79050 1084 98685 67621 22031 11718 19349 66741 93414 29754 21779 46207 70939 52401 77641 35686 4857 80239 61475 82608 14099 4917 79594 26164 23241 12804 83340 3469 20417 25302 70775 3202 94580 2903 3609
84 164
92848 9193 91033 47369 7395 34500 9282 13529 64488 62940 48861 7161 35616 12648 74445 60554 40543 97802 98944 77007 28130 35716 85991 69830 54930 63499 85193 24929 88687 80448 49453 15317 65635 65193 26316 74308 25441 78870 76563 14876 83273 85003 22444 4953 77684 66471 78529 29315 45111 53175 24073 43014 62541 37636 34504 53682 25986 17488 84709 75843 87206 62273 24075 25250 66557 886 23236 92135 27120 42793 76539 50735 43122 95991 7921 13674 10070 52730 36170 16730 11758 83276 44411 78331 81328 23391 19319 16402 14336 91382 35704 9289 32168 72420 50995 98931 8238 51257 58215 99574 90756 61550 69403 75140 61463 22266 78735 69043 16056 37052 8116 25655 74078 90540 92963 106 54664 43777 59490 1811 91955 91720 78163 1417 60716 55984 45886 54857 20866 59168 85985 89972 66690 3415 78066 86286 5250 78087 37289 71524 70036 62038 53214 71086 61980 43667 74960 33861 53594 78750 8662 3723 45553 7053 47260 88810 90429 12919 78495 25581 16757 11898 84159 29611
203 154
93543 80128 49364 36899 40074 59733 33821 56539 39094 58701 3031 65631 7520 13424 1460 10109 87405 35602 72270 31872 31064 77626 77186 87270 99831 5292 98093 30322 74724 55016 91298 66312 72181 35396 56961 27321 47307 94619 18096 75808 6791 95760 46173 63938 54842 49842 83337 15174 79281 29570 67209 92716 6570 9221 14724 26505 33406 65492 93974 39835 94238 27363 97758 66463 93146 25035 28651 21699 73417 89267 35400 87185 41140 28609 62667 86681 29645 62515 75699 16089 13549 76172 39278 35963 67744 42663 94013 5411 7198 80506 24340 16316 15053 8565 15390 7013 42958 71412 31246 86860 6962 5915 62543 66565 34253 19569 20532 57550 41008 69639 77388 12268 78068 37462 43528 79042 79796 96926 38230 75812 29251 84786 35532 44152 33273 6588 76627 89530 46968 11602 30306 33719 35057 15616 46309 70308 31821 79178 47325 98768 81285 609 15716 8973 26966 95094 39742 97534 49809 15159 68068 16933 11142 52264
610 71
20062 84562 99803 11258 37918 82514 87607 7192 26851 70795 62547 23547 76279 44582 29400 33333 63129 42637 85252 49311 27102 61007 91464 22719 41639 42178 29197 76110 43024 59851 42244 6572 75920 99575 3767 70335 68093 33631 29171 17393 90164 36360 41010 70992 61039 38189 55606 12958 16892 93967 90037 9061 84905 21928 19516 48722 21587 63332 7487 17636 665 80720 24020 81417 6152 96908 9983 4046 70008 77643 52694
463 10
55917 4723 69374 84698 3496 16211 9592 51567 77430 72088
758 112
96602 57344 1536 35385 1916 96487 50688 29332 63204 31916 53660 40799 17193 87424 10184 7067 65284 48046 68337 56559 99812 6671 4721 61320 21050 75376 48700 3266 48526 29919 5310 3340 16070 83906 58256 19173 25735 50076 5128 91155 53461 53454 57324 58783 77270 18486 33790 51231 26885 98753 14047 76018 95016 79893 92554 75627 2336 14875 20468 77070 18570 35987 82765 43744 82227 49985 95237 84522 54315 52307 52553 57839 45421 94617 34697 79580 83440 43682 8887 43023 15245 68810 28592 32981 79128 92571 78164 2252 76288 4744 15152 31752 41876 88851 61875 56271 5124 32549 24389 19645 2476 69145 36360 52352 1740 84824 67577 57406 26148 45095 53522 17280
508 52
98956 22647 13519 1056 87377 53814 16163 7633 81164 53435 45105 96144 62264 54735 21741 54214 24013 12911 88374 69706 432 10546 23454 5697 15438 26380 4054 78577 78325 60375 63046 42482 42097 456 65716 80257 46722 88590 92663 71888 30895 29052 66820 4084 43571 10978 69643 98527 70794 46463 37280 53775
825 48
97157 44259 24231 86923 16092 97743 24045 30242 50864 44671 97488 45685 12854 70986 67885 22630 40275 97153 92146 29486 49909 50703 56151 79042 75855 5382 27272 27640 99163 78791 1766 88903 3890 89632 61378 1000 44340 14397 36741 73678 32145 33285 49186 37660 70684 6459 65064 36521
80 94
80395 21240 29043 5957 2349 60882 54063 49740 52460 44587 12936 98658 62471 9560 24518 59570 64191 27040 17651 3876 94015 66328 7425 23541 7708 17366 91854 35630 97212 13869 91270 29294 11251 29639 27441 99264 59994 41647 77114 24023 70404 52254 55506 83516 28863 40720 98793 97247 59275 14940 86170 58714 5700 45021 70188 28910 89275 21793 7398 78640 91877 59757 37056 61153 78383 4501 32801 85347 5001 60616 65108 80588 12976 9099 62072 82373 75967 81180 53620 76814 56829 95052 35984 95686 77307 66365 75613 76936 23454 18797 30185 87322 88602 53478
556 45
2200 18626 24342 9310 70879 95340 70168 64787 88705 47427 62858 59686 7755 78413 63713 32280 39259 53422 54631 7587 90524 53384 61016 83078 81162 90007 63295 69688 27115 91447 48971 81308 29976 81274 18949 79939 17596 3208 13546 65208 55101 1482 19843 58666 71002
628 24
20111 84904 75296 2077 21435 62512 36084 11306 98692 86412 46407 28769 71292 195 61834 24701 76074 26672 41304 5476 90249 41450 39111 7421
460 26
39598 3960 21852 81463 52569 226 78155 62333 29591 72360 5268 90652 78476 7778 42391 23771 93417 95687 83997 68333 20213 75044 83473 58135 47333 83860
521 46
36225 39740 38859 49521 7327 29185 10700 12342 70537 22811 39031 9094 84400 21885 26393 13562 52410 61510 40387 65002 85838 88697 38137 12568 51105 74063 5260 78576 83091 68126 57559 61647 59217 47077 35252 1095 84248 16780 32214 17849 58762 56887 27239 14073 9889 76447
866 30
42266 46161 60812 5977 5142 95842 86617 1123 78080 59880 21721 79412 31127 45282 46235 84545 81398 94683 39235 10866 12383 8563 27698 3576 6548 58459 88503 99715 72244 69750
939 10
30464 59077 80748 54580 79333 45851 6942 61413 63119 79750
820 8
78986 16825 49527 60390 76711 93631 59709 68684
402 2
62109 44049
